Square Lattice Results:
Critical point: 0.5003500350035004 (Deviation: 0.07000700070007859%)
Beta: 0.13918778716309038 (Deviation: 0.21520675742507045%)
Gamma: 2.7098871696406217 (Deviation: 13.43713733379347%)
Nu: 1.5592434825715533 (Deviation: 16.943261192866505%)

Triangular Lattice Results:
Critical point: 0.34713471347134717 (Deviation: 0.04654291933415389%)
Beta: 0.14968010370487955 (Deviation: 7.769674667513272%)
Gamma: 2.175141068142175 (Deviation: 8.947583194048486%)
Nu: 1.246076340345431 (Deviation: 6.544274474092676%)

Hexagonal Lattice Results:
Critical point: 0.651965196519652 (Deviation: 0.11313681982963336%)
Beta: 0.17227458848419855 (Deviation: 24.03770370862295%)
Gamma: 1.9203894372635257 (Deviation: 19.611604951759386%)
Nu: 1.1059558352377594 (Deviation: 17.05331235716804%)

Hexagonal Lattice Results (1000 sims):
Critical point: 0.6525652565256526 (Deviation: 0.021202293202701478%)
Beta: 0.15030995967555066 (Deviation: 8.223170966396474%)
Gamma: 2.3122732827781696 (Deviation: 3.207164906960341%)
Nu: 1.3279321727843119 (Deviation: 0.405087041176605%)
